[KO1]
KI1=0x08  256 209 307 244  256 209 307 244 ;AC

[KO2]
KI3=0x0D  256 340 307 376  256 340 307 376 ;EXE
KI4=0xBD  204 340 255 376  204 340 255 376 ;(-)
KI5=0x45  152 340 203 376  152 340 203 376 ;EXP
KI6=0x6E  100 340 151 376  100 340 151 376 ;.
KI7=0x60   49 340  99 376   49 340  99 376 ;0

[KO3]
KI3=0x6D  256 295 307 333  256 295 307 333 ;-
KI4=0x6B  204 295 255 333  204 295 255 333 ;+
KI5=0x63  152 295 203 333  152 295 203 333 ;3
KI6=0x62  100 295 151 333  100 295 151 333 ;2
KI7=0x61   49 295  99 333   49 295  99 333 ;1

[KO4]
KI3=0x6F  256 252 307 288  256 252 307 288 ;/
KI4=0x6A  204 252 255 288  204 252 255 288 ;*
KI5=0x66  152 252 203 288  152 252 203 288 ;6
KI6=0x65  100 252 151 288  100 252 151 288 ;5
KI7=0x64   49 252  99 288   49 252  99 288 ;4

[KO5]
KI4=0x2E  204 209 255 244  204 209 255 244 ;DEL
KI5=0x69  152 209 203 244  152 209 203 244 ;9
KI6=0x68  100 209 151 244  100 209 151 244 ;8
KI7=0x67   49 209  99 244   49 209  99 244 ;7

[KO6]
KI2=0xBE  264 168 306 195  264 168 306 195 ;->
KI3=0xBC  222 168 263 195  222 168 263 195 ;,
KI4=0x39  178 168 221 195  178 168 221 195 ;)
KI5=0x38  136 168 177 195  136 168 177 195 ;(
KI6=0x46   92 168 134 195   92 168 134 195 ;F<>D
KI7=0x41   49 168  91 195   49 168  91 195 ;a b/c

[KO7]
KI2=0x54  264 130 306 158  264 130 306 158 ;tan
KI3=0x43  222 130 263 158  222 130 263 158 ;cos
KI4=0x53  178 130 221 158  178 130 221 158 ;sin
KI5=0x4E  136 130 177 158  136 130 177 158 ;ln
KI6=0x47   92 130 134 158   92 130 134 158 ;log
KI7=0x58   49 130  91 158   49 130  91 158 ;x,t,t

[KO8]
KI2=0x27  282  70 306  94  282  70 306  94 ;Right
KI3=0x28  256  92 276 114  256  92 276 114 ;Down
KI4=0x1B  178  93 220 121  178  93 220 121 ;Exit
KI5=0x50  136  93 177 121  136  93 177 121 ;^
KI6=0x51   92  93 134 121   92  93 134 121 ;x2
KI7=0x23   49  93  91 121   49  93  91 121 ;Alpha

[KO9]
KI2=0x26  256  48 278  70  256  48 278  70 ;Up
KI3=0x25  226  72 248  92  226  72 248  92 ;Left
KI4=0x22  178  56 220  82  178  56 220  82 ;Menu
KI5=0x21  136  56 177  82  136  56 177  82 ;Vars
KI6=0x24   92  56 134  82   92  56 134  82 ;Optn
KI7=0x2D   49  56  91  82   49  56  91  82 ;Shift

[KO10]
KI2=0x75  264  17 306  42  264  17 306  42 ;F6
KI3=0x74  222  17 263  42  222  17 263  42 ;F5
KI4=0x73  178  17 221  42  178  17 221  42 ;F4
KI5=0x72  136  17 177  42  136  17 177  42 ;F3
KI6=0x71   92  17 134  42   92  17 134  42 ;F2
KI7=0x70   49  17  91  42   49  17  91  42 ;F1

[SW0A]
SWP=0x00   19   9  23  13   15   5  27  17 ;Reset

[SW0C]
SWT=0x00  438 500 523 505  432 496 529 509 ;SD card

[SW1A]
SST=0x00  404 500 429 505  400 496 433 509 ;SD card WP

[CMD]
CMD=0x0103   19 500 115 505   14 496 120 509 ;Screen
CMD=0x0104  130 500 226 505  125 496 231 509 ;Text
